sub__lambda_0.1.log:0.818741070796
sub__lambda_0.1.log:0.815279654368
sub__lambda_0.1.log:0.00352027540285
sub__lambda_0.2.log:0.81861535985
sub__lambda_0.2.log:0.797271200894
sub__lambda_0.2.log:0.00569907276397
sub__lambda_0.3.log:0.816527756412
sub__lambda_0.3.log:0.804228100349
sub__lambda_0.3.log:0.00511591881535
sub__lambda_0.4.log:0.816474599112
sub__lambda_0.4.log:0.808532886943
sub__lambda_0.4.log:0.00535056785085
sub__lambda_0.5.log:0.815140780578
sub__lambda_0.5.log:0.80858599577
sub__lambda_0.5.log:0.00396393022858
sub__lambda_0.6.log:0.8128419834
sub__lambda_0.6.log:0.809920979248
sub__lambda_0.6.log:0.00419096609093
sub__lambda_0.7.log:0.81316989469
sub__lambda_0.7.log:0.805456670853
sub__lambda_0.7.log:0.00408689553168
sub__lambda_0.8.log:0.81287447015
sub__lambda_0.8.log:0.797537309811
sub__lambda_0.8.log:0.00447781062685
sub__lambda_0.9.log:0.812083399503
sub__lambda_0.9.log:0.800980346403
sub__lambda_0.9.log:0.00392106284108
sub__lambda_0.log:0.820002433351
sub__lambda_0.log:0.805676231013
sub__lambda_0.log:0.00399859342053
sub__lambda_1.log:0.812740707484
sub__lambda_1.log:0.801769626048
sub__lambda_1.log:0.00405892126639
