sub__eta_1e-1.log:0.793829954478
sub__eta_1e-1.log:0.807609039109
sub__eta_2e-1.log:0.796103643545
sub__eta_2e-1.log:0.812794115928
sub__eta_3e-1.log:0.798545734374
sub__eta_3e-1.log:0.813745077972
sub__eta_4e-1.log:0.798534139862
sub__eta_4e-1.log:0.819549285929
sub__eta_5e-1.log:0.799451757575
sub__eta_5e-1.log:0.812409727971
sub__eta_6e-1.log:0.799957140645
sub__eta_6e-1.log:0.808124292301
sub__eta_7e-1.log:0.799744771345
sub__eta_7e-1.log:0.811478574494
sub__eta_8e-1.log:0.800466536167
sub__eta_8e-1.log:0.807181243919
sub__eta_9e-1.log:0.800564874298
sub__eta_9e-1.log:0.808313142097
sub__eta_9e-1.log:0.0032124450366
sub__eta_1.log:0.799817068613
sub__eta_1.log:0.803877350531
sub__eta_1.log:0.0045845724418
